0407971721
0185044500
0578339823
0521972931
0016944249
0043164680
0699084963
0004499351
0217701661
0630621337
0546519635
0640951878
0000194105
0556609336
0556628375
0822259536
0426853204
0654963906
0075924372
0628719698
0164751897
0740114174
0954882230
0751641042
0736061682
0124041766
0785270740
0079520633
0057777292
0764353146
0185833079
0282948235
0172327909
0410295572
0589110371
0271097023
0010892637
0545439984
0879079532
0499540834
0222889393
0053306339
0742910877
0531824891
0656877679
0135028775
0943601873
0593231738
0093723718
0546637755
0180661847
0331165192
0873841540
0982626634
0027001135
0025293492
0039236155
0721504620
0655563178
0234020185
0006978756
0510061715
0073386843
0260971120
0294737449
0750101337
0188873179
0197037985
0562598352
0726160431
0035640956
0607329979
0124481143
0854559566
0547659035
0763439448
0814684823
0583691049
0173859964
0269035070
0985681915
0694520799
0519447831
0842335898
0974863427
0301852859
0437608330
0255959569
0139404675
0535664373
0456071063
0461789345
0883129285
0094070959
0471089615
0446220520
0122003934
0791185496
0253218156
0568899239
0569478047
0724041925
0514888437
0283230836
0586250370
0043675221
0774832686
0082383674
0647135521
0808965239
0514104568
0755852668
0292944269
0025658405
0115172071
0088172714
0634888336
0609730815
0436286569
0035490510
0136501974
0838640472
0023644453
0609275533
0778195281
0717745192
0755694844
0557162511
0963638950
0585199837
0133237297
0126404056
0941796712
0885821335
0767726336
0264780604
0331624105
0324750833
0699713643
0397924488
0616431105
0129463493
0475454317
0888887134
0570150356